[sepal.length]--------------35개, float64
-> 고유값 : [5.1 4.9 4.7 4.6 5.  5.4 4.4 4.8 4.3 5.8 5.7 5.2 5.5 4.5 5.3 7.  6.4 6.9
 6.5 6.3 6.6 5.9 6.  6.1 5.6 6.7 6.2 6.8 7.1 7.6 7.3 7.2 7.7 7.4 7.9] 
-> 고유값별 데이터수
sepal.length
5.0    10
6.3     9
5.1     9
6.7     8
5.7     8
6.4     7
5.5     7
5.8     7
4.9     6
6.0     6
5.4     6
5.6     6
6.1     6
6.5     5
4.8     5
7.7     4
6.9     4
4.6     4
5.2     4
6.2     4
4.4     3
7.2     3
5.9     3
6.8     3
4.7     2
6.6     2
4.3     1
7.0     1
5.3     1
4.5     1
7.1     1
7.3     1
7.6     1
7.4     1
7.9     1
Name: count, dtype: int64 
[sepal.width]--------------23개, float64
-> 고유값 : [3.5 3.  3.2 3.1 3.6 3.9 3.4 2.9 3.7 4.  4.4 3.8 3.3 4.1 4.2 2.3 2.8 2.4
 2.7 2.  2.2 2.5 2.6] 
-> 고유값별 데이터수
sepal.width
3.0    26
2.8    14
3.2    13
3.4    12
3.1    11
2.9    10
2.7     9
2.5     8
3.3     6
3.5     6
3.8     6
2.6     5
3.6     4
2.3     4
3.7     3
2.2     3
2.4     3
3.9     2
4.4     1
4.2     1
4.1     1
4.0     1
2.0     1
Name: count, dtype: int64 
[petal.length]--------------43개, float64
-> 고유값 : [1.4 1.3 1.5 1.7 1.6 1.1 1.2 1.  1.9 4.7 4.5 4.9 4.  4.6 3.3 3.9 3.5 4.2
 3.6 4.4 4.1 4.8 4.3 5.  3.8 3.7 5.1 3.  6.  5.9 5.6 5.8 6.6 6.3 6.1 5.3
 5.5 6.7 6.9 5.7 6.4 5.4 5.2] 
-> 고유값별 데이터수
petal.length
1.4    13
1.5    13
4.5     8
5.1     8
1.3     7
1.6     7
5.6     6
4.9     5
4.0     5
4.7     5
1.7     4
4.8     4
5.0     4
4.4     4
4.2     4
4.1     3
3.9     3
5.8     3
5.7     3
5.5     3
6.1     3
4.6     3
1.9     2
5.2     2
5.4     2
1.2     2
3.3     2
3.5     2
6.7     2
5.3     2
4.3     2
5.9     2
6.0     2
1.0     1
1.1     1
3.7     1
3.8     1
3.6     1
3.0     1
6.3     1
6.6     1
6.9     1
6.4     1
Name: count, dtype: int64 
[petal.width]--------------22개, float64
-> 고유값 : [0.2 0.4 0.3 0.1 0.5 0.6 1.4 1.5 1.3 1.6 1.  1.1 1.8 1.2 1.7 2.5 1.9 2.1
 2.2 2.  2.4 2.3] 
-> 고유값별 데이터수
petal.width
0.2    29
1.3    13
1.5    12
1.8    12
1.4     8
2.3     8
0.4     7
1.0     7
0.3     7
2.1     6
2.0     6
1.2     5
0.1     5
1.9     5
1.6     4
2.5     3
2.2     3
1.1     3
2.4     3
1.7     2
0.6     1
0.5     1
Name: count, dtype: int64 
[variety]--------------3개, object
-> 고유값 : ['Setosa' 'Versicolor' 'Virginica'] 
-> 고유값별 데이터수
variety
Setosa        50
Versicolor    50
Virginica     50
Name: count, dtype: int64 
